Kariakoo    :   (6*49'10.78"S, 39*16'30.16"E)   :   (-6.81966111, 39.27504444)
Buguruni    :   (6*50'20'S, 39*14'37.14"E)      :   (-6.83888889, 39.24365000)
Tazara      :   (6*51'18.71"S, 39*14'32.83"E)   :   (-6.85519722, 39.24245278)
Vingunguti  :   (6*50'43.81"S, 39*13'30.35")    :   (-6.84550278, 39.22509722)
Mwenge      :   (6*46'10.33"S, 39*13'47.12"E)   :   (-6.76953611, 39.22975556)
Ubungo      :   (6*47'33.07"S, 39*12'31.23"E)   :   (-6.79251944, 39.20867500)
Tabata      :   (6*49'51.15"S, 39*13'47.12"E)   :   (-6.83087500, 39.22975556) ->to be checked
Mbagala     :   (6*53'59.59"S, 39*15'57.70"E)   :   (-6.89988611, 39.26602778)
Mbezi       :   (6*44'29.34"S, 39*05'17.23"E)   :   (-6.74148333, 39.08811944)
Kigamboni   :   (6*49'21.59"S, 39*18'08.81"E)   :   (-6.82266389, 39.30244722)
Chanika     :   (7*00'13.74S, 39*04'52.18"S)    :   (-7.00381667, 39.08116111)
Kinondoni   :   (6*42'19.20"S, 39*06'45.85"E)   :   (-6.70533333, 39.11273611)
